congestion_control, loss_rate, goodput_Mbps, rtt_ms, bandwidth_Mbps, specified_bw_Mbps
bbr557, 0.001, 0.01, 100, 0.01, 100
bbr, 0.001, 0.01, 100, 0.01, 100
bbr557, 0.001, 0.01, 100, 0.01, 100
bbr, 0.001, 0.01, 100, 0.01, 100
bbr557, 0.001, 0.01, 100, 0.01, 100
bbr, 0.001, 0.01, 100, 0.01, 100
bbr557, 0.001, 0.01, 100, 0.01, 100, 14399.0, 15269.0
bbr, 0.001, 0.01, 100, 0.01, 100, 14763.0, 15751.0
bbr557, 0.001, 12.62, 100, 16.85, 100, 200.0, 200.0
bbr, 0.001, 15.74, 100, 16.85, 100, 329.0, 329.0
bbr557, 0.001, 12.77, 100, 16.85, 100, 202.0, 203.0
bbr, 0.001, 15.44, 100, 16.85, 100, 328.0, 328.0
