congestion_control, loss_rate, goodput_Mbps, rtt_ms, bandwidth_Mbps, specified_bw_Mbps
bbr557, 0.001, 0.98, 100, 1.0, 1.0
bbr, 0.001, 0.98, 100, 1.0, 1.0
bbr557, 0.001, 0.98, 100, 1.0, 1.0
bbr, 0.001, 0.98, 100, 1.0, 1.0
bbr557, 0.001, 0.98, 100, 1.0, 1.0
bbr, 0.001, 0.98, 100, 1.0, 1.0
bbr557, 0.001, 11.61, 100, 12.03, 12.0
bbr, 0.001, 11.6, 100, 12.03, 12.0
bbr557, 0.001, 11.63, 100, 12.03, 12.0
bbr, 0.001, 11.63, 100, 12.03, 12.0
bbr557, 0.001, 11.57, 100, 12.03, 12.0
bbr, 0.001, 11.63, 100, 12.03, 12.0
bbr557, 0.001, 11.63, 100, 12.03, 12.0
bbr, 0.001, 11.63, 100, 12.03, 12.0
bbr557, 0.001, 11.62, 100, 12.03, 12.0
bbr, 0.001, 11.63, 100, 12.03, 12.0
bbr557, 0.001, 11.63, 100, 12.03, 12.0
bbr, 0.001, 11.63, 100, 12.03, 12.0
bbr557, 0.001, 11.63, 100, 12.03, 12.0
bbr, 0.001, 11.63, 100, 12.03, 12.0
bbr557, 0.001, 11.63, 100, 12.03, 12.0
bbr, 0.001, 11.63, 100, 12.03, 12.0
bbr557, 0.001, 11.63, 100, 12.03, 12.0
bbr, 0.001, 11.63, 100, 12.03, 12.0
